3085.5625,481.90625
3043.3125,509
l
19.875,60.5625
-98.0937,23.09375
66.875,262.0625
-42.375,11.9375
-19.8438,12.03125
-108.75,87.125
-24.625,19.8125
-22.8438,12.03125
-3,-8.4375
-9.0312,7.8125
-0.5938,7.21875
-33.6562,14.4375
0.094,0.5313
-24.0626,9.5
-37.9062,5.6874
0,0.031
-38,3.4375
-30.0938,-7.1875
-6.5624,20.2813
-15.5313,10.9374
-0.094,-0.125
-54.5938,28.5938
-0.062,0.031
-6.5313,-12.5624
-10.75,-7.1876
-51.5624,-13.5937
6.4374,-30.0937
8.5938,-4.3126
-20.0625,-10.7187
-6.4375,-17.21875
-0.7188,-21.46875
-23.625,-68.0625
-24.375,-5.71875
-9.3124,-5.03125
-7.25,-73.15625
44.5,-30.71875
-19.3438,-24.34375
-2.8438,-22.9375
24.3438,-65.875
31.5312,16.46875
7.1563,-2.875
4.3125,-9.3125
-4.3125,-1.4375
-10.75,-42.25
-10.0313,-9.3125
22.2188,-53.71875
40.125,-1.4375
5,-18.625
-0.7188,-10.75
5.0313,-6.4375
-7.1875,-5.03125
-3.5625,-15.03125
-12.1875,-0.71875
-3.5938,-10.75
-19.3124,11.46875
0,-7.1875
-12.1876,4.3125
2.1563,6.4375
-3.5937,10.03125
-60.1876,18.625
-5.7187,-8.59375
5,-16.46875
-12.875,-2.15625
-5.0313,-7.15625
-22.9062,2.875
1.4375,12.875
-10.75,-0.71875
-22.9375,-19.34375
5.75,-11.4375
-71.6562,-3.59375
-5,2.875
2.875,7.15625
-6.4688,1.4375
-13.5938,25.78125
-15.7812,-14.3125
-6.4375,4.28125
-10.0313,-16.46875
2.875,-5.75
-2.875,-7.15625
-15.75,0
-1.4374,-4.28125
-21.5,22.1875
2.875,7.875
-4.2813,10.03125
32.9375,52.3125
40.8438,38.6875
-13.625,15.75
-29.375,-18.625
-25.7813,23.625
-30.8125,16.5
25.8125,6.4375
20.0313,30.09375
12.1874,21.46875
0.7188,16.5
17.9062,6.4375
7.875,-8.59375
-3.5624,-17.90625
30.0624,-23.65625
85.25,66.625
-25.7812,10.03125
-19.3438,27.21875
-10.0312,5.75
17.9062,25.78125
6.5626,23.5
-15.1563,11.59375
15.0625,22.9375
-3.5938,4.28125
-32.25,14.34375
23.6563,21.46875
-6.4375,19.34375
5,10.03125
30.8125,-7.15625
12.875,20.0625
-20.75,12.875
3.5625,5.75
-3.5625,13.59375
8.5937,9.3125
-15.0624,23.6563
10.0312,18.625
12.9062,-0.7188
17.9063,17.1875
8.5937,15.0313
46.5626,27.9374
12.9062,3.5938
40.4062,31.4375
-33.1562,52.0625
-17.0625,52.2812
-10.5,-5.5
-11.25,5.625
-12.9063,-12.875
-8.0312,9.6563
-13.6875,2.4063
-8.875,4.8437
-10.4375,-8.0625
-5.6562,1.625
-0.8126,-9.6562
12.9063,-24.9688
6.4375,-4.8438
-6.4375,-14.4687
7.25,-12.9063
-8.0625,-12.875
6.4375,-18.5312
-12.0937,-2.4062
-17.6876,6.4374
-20.9374,-4.8124
-24.9688,2.4062
-45.875,32.2188
-31.4062,21.7187
-7.25,9.6563
-6.4376,25.7812
2.4063,30.5938
-12.875,20.9374
-18.5313,12.875
2.4063,7.25
66.8437,16.0938
-9.6562,24.1562
-26.5625,0.8126
1.5937,12.0624
16.9063,15.3126
-10.4687,11.2812
23.3437,31.375
-6.4375,20.1562
16.9062,57.1563
25.7813,-12.875
-11.2813,-23.375
15.3126,0
2.4062,16.9063
14.5,9.6874
3.2188,-12.0937
16.9062,-29.7813
45.875,-23.3437
46.7188,2.4063
21.5937,7.1874
-20.375,140.5938
-12.625,-3.0625
-0.8437,6.8125
-6.4376,-0.9375
-6.2187,-0.9063
-0.625,-0.094
1.4687,-7.3125
-6.25,-0.1562
1.6563,-2.625
0.062,-0.063
1,-1.7812
-0.062,-0.1875
-3.0313,-1.8125
-1.7187,-1
-2.0625,-2.2188
-1.3125,-1.375
-0.125,-0.094
-0.2813,-0.2813
-0.6562,-0.6874
-2.7812,-2.7188
-4.0626,4.4688
-6.1874,-2.5
-4.0313,-1.4688
-10,25.4688
5,3.5937
0.2813,0.5313
-0.4063,4.6562
0.7187,3.375
0.094,0.5
0,0.1562
-0.625,7.4376
-1.0312,5.4687
-2,17.3437
1.1874,0.4376
-0.1874,1
4.0312,1.0312
1.0312,0.25
0.094,0
1.0312,-4.2812
1.8126,-1.4063
0.4374,-0.3437
0.4688,-0.4376
3.6562,-4.9687
2.2813,1.0937
0.7813,-1.5937
-2.1563,-1.125
0,0.062
-0.5,-0.1875
2.25,-4.6563
0.375,-0.9687
-0.062,-0.062
0.3125,-0.625
0.4687,-0.9062
0.625,0.125
0.063,-0.3126
1.5312,0.2188
0.125,-0.125
0.1875,0
0.1875,0
2.1562,0.3125
0.9376,0.1563
-0.063,0.2812
1,0.1562
0.4063,0
0.1563,-0.3124
1.0312,0
0.125,0
1.1562,0
2.2813,-6.4376
-5.4375,-3.25
0.9375,-5.875
4.875,-9.2187
0.5,-0.9687
0.4375,0.125
0.062,-0.094
0.875,0.3438
0.4687,0.1874
0.25,0.094
2.9376,0.3125
0.062,0
0.4688,-2.8125
0,-0.1875
1.1875,0.1875
12.5625,1.7812
-0.4688,3.8126
7.625,13.625
-59.5937,112.8124
-16.2187,1.9063
-5.4688,6.75
-1.5625,-0.4375
-0.1875,-0.125
-0.3125,-0.3125
-7.4063,-3.0937
-10.875,-4.9376
-3.6874,-1.2187
-6.5938,-3.5
-0.5938,-0.625
-3.9062,-2.0313
-0.4062,-0.2187
-0.2188,-0.1875
-0.5938,-0.2188
-7,-4.7187
-4.5312,-3.0625
-3.4688,-2.6875
-2.4687,-1.4375
-2.0625,-2.0625
-6.7812,-5.5313
-10.25,-8.4374
0.5937,-0.5938
4.7187,-3.6875
2.4688,-0.2187
5.5312,-0.5938
1.0313,-0.2188
5.75,-10.875
0.4375,-0.4374
1.2188,-1.4376
15.4062,-8.4062
8,-9.25
-1.625,-8.2188
-1.4375,-3.0624
c
0,0
-4.0341,-2.1412
-3.9375,-4.0313
l
-0.7812,-1.125
-0.4376,0
-1.2187,-1.8437
-32.25,-20.5313
-6.7813,-1.25
-23.2187,12.75
-11.2813,8.8437
-15.4062,12.5313
-4.9375,7.7813
-2.0625,8.4374
0,1.4376
c
-2.614,-0.4076
-6.1645,-0.8779
0,0.1874
l
-0.1875,0
-9.6563,-1.625
-7.5937,-1.4374
-7,-1.25
-0.1875,-0.1876
-2.2812,-0.4062
-6.1563,-1.25
0.2187,0.2188
-13.1562,-2.0626
-6.375,-0.4062
-2.4688,0.8125
-0.1874,0.2187
-2.4688,0.4063
-0.625,1.4375
-1.4375,-0.4062
-2.4687,-0.625
-0.5938,0.2187
-0.2188,0.1875
-4.7187,3.0938
-0.2187,0
-6.9688,4.3124
-0.625,0.4063
-5.3438,0.625
-0.1874,0.1875
-1.0313,0
0,0.2188
-1.8437,8
-7.625,1.8437
-2.25,0.4063
-1.4376,0.2187
-1.2187,0.2187
-1.6563,0.4063
-0.8124,0
-0.625,0.1875
-0.2188,0
-0.1875,0.2188
-0.625,0
-0.625,0.1874
-0.8125,0.2188
-0.8125,0.4062
-1.4375,0.4063
-1.4375,0.4063
-0.8125,0.2187
-0.625,0.4063
-3.0938,0.8124
0.2188,2.0626
1.0312,-0.1876
3.6876,-1.0312
0.625,5.9375
0.4062,3.7187
1.0312,-1.0312
1.8438,-0.8125
1.8438,-0.625
0.625,-0.2187
1.8437,-0.5938
1.8437,-0.625
0.2188,-0.2188
-1.0312,-2.875
2.0312,-0.4062
1.0312,2.6875
0.4063,1.2187
1.875,4.9376
4.5,-2.2813
-0.1875,-0.8125
0.4062,-1.4375
1.0313,-0.625
4.0937,-2.6563
1.25,-1.2187
0.1876,0.4063
0.625,1.625
0.1874,0
-0.4062,1.0312
-1.0312,2.4688
0.4374,0.2187
0.5938,-0.625
1.25,-0.625
0.4062,-0.4063
0.8126,-0.2187
1.0312,0
1.2188,1.0313
0,0.4062
0.2187,0.625
0.625,2.25
0.1875,-0.1875
1.0312,-0.625
1.0313,-0.4063
0.8125,-0.625
1.0312,-0.5937
0.2188,0
1.0312,-0.8437
1.8438,-1.625
1.2188,-0.4063
1.6562,-0.625
1.2188,-0.4063
0,-0.625
-0.1876,-0.625
-0.8437,-1.625
0,-0.2187
0,-0.1875
0,-1.4375
2.2813,-1.4375
0.5937,-0.4375
1.0313,-0.8125
1.6562,-0.625
1.625,-0.8125
1.6562,0.4063
0.8126,0
0.625,0.4062
1.6562,1.25
2.0312,1.2188
1.0313,0.625
2.4687,1.2187
2.4688,0.2187
2.25,1.4376
0.8438,0.8124
0.5937,1.6563
0.2187,1.2187
-1.25,0.8438
-1,0.1875
-0.2187,-0.5937
1.2187,-1.875
-1,-1.2188
-0.8437,-0.2188
-1.8437,-0.8124
-1.6563,-0.625
-0.4063,1.0312
-0.8124,-1.2188
-0.2188,0.1876
-7.375,5.5624
-0.2188,0.8126
-6.3437,3.9062
-6.7813,4.3125
-3.9062,-0.2187
-0.4062,2.0624
-11.5313,8.0313
1.25,1.2187
0.8125,0.8126
0.4062,0.2187
0.4376,0.1875
1.625,1.4375
0.8124,0.4375
0.625,0.4062
0.2188,0.1876
1.4375,0.8437
1.2187,0.4063
0,0.5937
-1.4374,0.4375
-0.1876,0.4062
-2.4687,0
-0.8437,0.1876
-2.875,0.2187
-0.5938,0
-1.0312,0
-5.1563,0.1875
-1.2187,-0.4062
-4.5313,0.2187
-4.3125,2.0625
-0.1875,0.1875
-0.4063,0.4063
-1.4374,1.25
0.4062,0.4062
0.4062,1.0312
1.8438,2.6563
1.4375,1.4375
0.4063,0.4062
0.4062,0.4063
0.625,-0.1875
4.5312,2.0625
1.2188,1
0.2188,0.4375
0.4062,1
1.2188,2.4688
0.625,0.4374
1.6562,1.2188
1.625,2.4688
1.0312,1.8437
1.8438,5.5313
2.0625,2.4687
0.1875,1.0313
-3.875,0.4062
0.4062,1.0312
-2.4687,0.4063
-4.3125,1.875
-2.0625,5.5313
-1.2187,3.5
-0.4063,0.5937
-0.4375,1.0313
-0.5938,1.8437
-1.6562,3.7187
-0.4062,1.2188
-0.625,1.25
-0.5938,1.625
-0.625,1.25
-0.8125,2.0312
-0.4375,0.8438
3.9062,2.25
1.0313,29.5938
4.7187,2.6562
1.8438,1.2188
0,-2.25
0,-1.625
-0.8125,-18.0938
0,-0.4062
0,-4.7188
0,-0.625
-0.1875,-4.0938
-0.4375,-9.0624
-0.1875,-3.4688
0,-0.625
-0.2188,-4.7188
0.4063,0.1876
2.4687,1.6562
1.6563,0.8125
1.4375,1.0313
4.5312,2.6874
9.8438,5.9376
0.625,0.2187
18.4688,9.6563
10.2812,6.9687
12.9375,8.8437
1.8437,1.2188
-4.9374,11.3125
-2.875,1.8437
-5.9376,1.625
-3.2812,3.5
-0.625,1.25
-0.8125,1.2188
0,0.2188
-0.4063,0.8124
-0.625,1.0313
-0.2187,0.1875
-0.8125,1.875
-0.2188,0.1875
2.2813,1.25
0,0.1875
-0.4063,0.625
-0.8437,1.0312
-0.4063,0.5938
-0.8124,1.0312
-0.2188,0.4063
-0.8125,1.4375
-0.2187,0
-0.4063,0.625
-2.0313,-1.625
-12.3437,7.1875
-17.25,9.8437
-8.4063,-2.875
-8.0312,-2.25
-2.25,-0.625
-4.5312,25.875
-2.0313,6.375
-4.3437,2.6563
6.375,4.3125
6.7812,4.5312
3.9062,2.25
15,0.625
12.7188,-2.6562
1.25,3.6562
5.9375,16.0313
9.4687,-1.0313
4.7188,-0.4062
6.1562,-0.625
6.7813,-0.625
0.8125,-0.1875
4.9375,-0.625
0.625,0
3.9063,-0.8125
3.9062,-3.0625
6.9688,-1.0313
0,-2.0624
0.8124,-0.4063
-0.4062,-2.875
-0.8125,0
-0.1875,-1.25
-0.2188,-8.2187
-0.1874,-10.4688
0.1874,-1.2188
1.25,-2.875
18.0626,5.75
6.7812,-0.8437
5.125,4.125
-1.0312,1.0313
4.5312,1.4374
-8.4062,8.2188
6.3437,2.0312
19.3125,3.0938
0.2188,-7.5938
0,-1.0312
2.0312,0.1875
3.0938,1.0313
0.625,0.4062
2.25,-0.1875
2.6562,0.1875
1.25,-2.0625
1.4375,-2.4375
1.625,0.5938
1.4375,-0.8126
1.25,-3.6874
-0.4062,-0.4063
6.5624,-12.3437
1.6563,-3.5
2.6563,-2.25
4.9374,-4.3126
0.1876,-2.875
0,-1.2187
-0.8126,-16.0313
0.5938,-7.5937
-0.8125,-1.25
1.0313,-1.0313
-1.0313,-1.625
8.625,-9.6562
5.3437,-5.9688
4.5313,-5.125
3.0625,-3.5
0.8438,-0.8124
2.4687,-2.4688
0.4063,-0.625
0.1874,0.2188
-0.1874,0.8124
-0.4063,0.8126
0.4063,0.8124
0.8124,-0.8124
4.9376,-5.5313
-0.4063,-0.625
4.5,-4.7187
0.4063,-0.625
0,-0.8126
-5.5313,-6.1562
9.4375,-7.1875
13.1562,-7.625
7.4063,-4.5
2.4375,-1.8437
2.4688,-1.6563
6.1874,-3.6875
4.6876,-1.25
-7.4376,25.9375
-4.4687,86.5937
-6.5625,-0.1562
-10.9688,-9.2812
-2.4062,12.9374
12,7.1563
-2.75,10.25
11.375,8.7187
1.25,9.625
-13.3438,11.8438
1.1876,14.3438
5.4687,12.0624
-0.4375,115.625
27.4688,103.5313
-3.9376,17.2813
10.2188,8.625
31.5312,89.7187
c
5.1754,19.1396
6.9269,25.2887
7.5,27.1563
0.3307,1.5552
1.3652,6.0667
4.0938,17.25
l
28,40.5937
c
-5.2398,2.2756
9.0725,-3.7409
-5.1562,2.375
l
-0.2188,0.1875
-19.0938,11.5312
1.4376,3
-1.4063,1.9376
9.1563,4.75
-1.2188,1.4374
1.4375,0.875
-1.2187,2.4688
-2.4376,3
-2.4374,2.6562
9.375,10.0626
4.9062,5.125
-1.2188,0.875
0.4063,0.1562
-2.2187,1.9688
-1.4376,1.25
0.2188,0.1562
0.1875,0.1875
0.1875,0.3437
-4.4688,3.5313
-0.4062,0.1875
-0.5938,0
-0.4062,-0.1875
-0.2188,0
-0.1874,-0.1563
0,-0.1562
-0.1876,0
-0.625,0.1562
0.1876,0.3438
-0.1876,0.5312
-0.4062,-0.5
-1.0312,-1.7812
-0.5938,0.3438
-5.3125,-5.625
-5.0625,3.7187
-5.0938,3.9063
-14.0624,-10.4063
-7.3126,4.8125
-5.0624,4.0625
2.0312,2.2813
-1.625,1.0937
-1.8438,-2.3125
-2.0312,1.7812
-0.1875,-2.125
-0.4375,-13.4374
-0.2188,-5.125
-0.4374,-15.1876
-0.031,-9.0312
-0.2187,-4.2188
-0.2188,-8.1562
-0.1875,-4.0625
-0.031,-2.6563
0,-0.1562
-0.4062,-7.25
-0.031,-3
0,-1.25
-0.1876,-1.2188
-0.625,-3
-1.625,-4.0624
-0.2187,-0.1876
-1.4063,-3.875
-2.25,0.1876
-2.875,-5.8438
-0.1874,-1.2188
-0.063,0.031
-1.2187,0.375
-0.4063,0.5313
-2.8437,0.6874
0.1875,0.375
-0.4062,0.1563
-0.1876,-0.1563
-1.625,0.3438
0,0.375
-0.625,0
0,-0.1875
-3.6562,0.9063
0.1875,0.3437
-0.8125,0.1875
0,-0.375
-1.625,0.375
0,0.3438
-0.4062,0.1874
-0.1876,-0.1874
-0.8124,0.1874
0,0.3438
-0.4063,0.1875
-0.4063,0
-0.1874,-0.1875
-1.8438,0.375
-0.5938,0.1562
-0.4374,0
-0.1876,-0.1562
-2.2187,0.5312
-0.2187,0.3438
-0.1876,0.5312
-3.6562,1.4376
-7.125,2.8437
-7.0938,3.0313
-6.7187,3.5312
0.1875,0.5312
-0.4062,0.3438
2.0624,3.1875
0,0.1875
0.625,0.6875
0,0.1875
1.8126,2.8125
1.625,-0.7187
0.8437,-0.3438
1.625,-0.375
4.4687,0.3438
0.1876,-1.9376
3.25,0.3438
0.1874,-2.125
3.6876,0
-0.8126,7.0625
-3.6562,-0.1563
-0.625,0
-4.25,1.25
-2.0312,0
-2.0313,0.7188
1.4063,2.4688
0.8437,1.4062
2.2187,4.25
0.4376,1.25
0.1874,0.1562
-0.4062,0.1876
0.8125,1.9374
0.4063,0.6876
0.8124,1.4062
1.25,1.9688
0.4063,0.5312
-0.4063,0.1562
2.25,4.9376
-0.2187,0.7187
8.3437,-3.2187
0,0.1874
1.4376,1.75
0.5937,1.0626
-0.1875,0
-8.75,3.375
-0.4062,-1.75
-0.1876,-0.1876
-0.4062,0.031
-3.4688,1.0625
1.0313,4.0625
4.2813,-0.5625
0.625,1.7812
-9.9688,2.1563
-1.25,-5.8437
-2.0312,0.9062
-0.1876,2.4688
-0.1874,0.3437
-0.1876,0.1875
-0.8124,1.9375
-0.2188,0.5313
-1,1.25
-2.4375,0
0.8125,0.875
1.0312,1.5937
0.8126,0.1563
0.1874,0
0,0.1874
0.625,0.875
0.1876,2.125
-4.875,0.375
-0.625,-0.5312
0,-0.1875
-3.4688,-3.5313
0.1875,-1.75
-0.8125,0
-0.375,7.4063
-7.3125,0.375
0.8437,11.8437
-16.2812,1.0938
-0.8438,-6
-0.4062,0
-2.625,0.1875
-1.4375,0
-2.8437,0.1875
-0.2188,-5.5
-0.1875,-1.2188
-9.375,0.5626
-1.0313,-8.6563
4.0626,-3.5625
-0.1876,-1.75
-0.4374,-3.1875
10.1562,-9.5625
-1.2188,-1.0625
-12.1874,10.2813
-4.25,3.375
-2.4376,2.125
-0.4062,0.3437
0,2.2813
0.5938,0.5312
0.4374,10.7812
-0.1874,0.375
-18.0626,15.4063
-2.8437,-1.4063
-4.6875,-2.0937
-0.625,-0.1875
-0.4062,-0.1562
-0.4063,-1.4063
-0.1875,-0.7187
-1.2188,0.875
-2.4374,4.9687
-4.4376,12.5625
-1.4062,7.25
-1.0312,4.5938
-0.375,5.125
0,4.0624
5.9374,11.8438
-0.5937,6.3438
0.4063,1.25
0.1874,0.1562
-0.1874,0.7188
-3.0626,0.5312
-1.8124,0.1875
-1.2188,0.3437
0,0.1876
0.4062,2.125
-2.0312,0.3437
0,0.3437
-1.625,0.375
-7.125,2.125
-0.5938,1.4376
-1,0.6874
-1.0312,0.9063
0.2188,2.2813
-1.25,0.1874
-0.1876,-2.125
-0.625,-0.7187
-0.1874,-5.8125
-0.031,-0.1875
0.2187,0
0,-0.3437
-3.0624,-5.6563
-0.4376,-2.2813
3.0313,-8.5
0,-7.5937
-2.6563,-5.4687
-0.2187,-0.1876
-0.1875,0
-1.0312,-0.6874
-4.8438,6.9062
0,0.1562
-5.6875,7.7813
0.4063,0.1875
-6.875,9.75
-0.4063,-0.1875
-4.875,6.9063
-2.8437,4.25
-2.4376,3.375
-1.4062,1.9374
0.4062,0.1876
-4.4687,6.5312
-1.4063,1.9688
0.5938,0.3437
0.2188,0
17.3124,9.125
0.1876,0
0.4062,0.375
0,0.1563
0.2188,0.1874
0,0.1563
0.1874,0.3437
0,0.375
-0.1874,0.3438
0,0.3438
-1.625,4.4374
5.5,4.5938
-3.25,2.8125
-6.5,-5.4375
-6.5,8.6562
-13.4376,-7.0312
-3.25,-1.5938
6.6876,-8.5
0.8124,-1.2187
0.1876,-0.1875
0.1874,-0.875
4.0626,-5.3125
-1.625,-0.875
-0.2188,0
-0.4062,-0.375
-0.5938,0.5313
-10.125,14
-2.4375,3.5312
0.8125,0.375
0.1875,0
11.625,5.25
1.8125,0.375
1.2188,1.5625
2.4687,0.9063
2.625,1.0312
0.4063,-0.6875
3.6874,1.9375
1.2188,0.5
3.875,1.9375
1,1.0625
0.8125,0.3438
-0.4063,0.5312
11,5.6562
39.75,20.2188
0.1876,0
0.8124,0.5312
6.9063,-8.5
4.8437,-5.8437
0,-0.1875
3.2813,1.9375
19.1563,11.9687
5.4687,-7.625
7.9063,-11.1562
2.4374,1.25
5.0626,-7.7812
7.5,-11.875
-3.4688,-3
-3.0625,-2.625
-2.8437,-2.4688
-3.4688,-3.1875
-6.3125,-5.4687
-3.2813,-2.625
-2.6562,-2.4688
-0.1875,0.3438
0,-0.3438
0.625,-0.9062
0.4063,-0.5313
0.5937,-1.0625
0.5937,-1.0625
0.4063,-0.5313
0.2187,-1.0624
0.8126,-1.5938
2,-4.9375
1.0312,-2.4687
-1.0312,0.5312
-1.2188,0.6875
-1.4062,0.5313
0.1874,-0.6876
0.8126,-3.0312
0.7812,-3.1562
0.4062,-0.9063
1.2188,-3.7187
0.4062,-4.0626
0.4063,-0.6874
0.8125,-1.0626
0.8125,-1.0624
2.625,-8.3126
1.625,0.3438
3.6563,1.9375
-0.1876,3
7.9688,5.2813
-6.0938,6.7187
17.9063,8.0937
1.625,-3
-1.8125,-1.0624
-4.9062,-2.4688
2.625,-7.25
3.8437,-4.7812
4.2813,2.625
3.4687,1.0624
3.0313,-4.9374
4.0624,-5.5
20.7813,4.1874
-0.625,0.875
-0.1875,0.1876
-4.875,5.6562
7.3438,3.3438
7.125,3.3437
0.8124,-1.0625
8.3126,-9.5625
16.4374,-12.9375
1.0313,0.875
6.2813,-4.7812
1.625,0
0.625,0.1562
0.4062,0.5312
0.1875,0.3438
0.4063,0
0.4062,0
0.4062,-0.7188
0.2188,-1.9374
0.1875,-0.1563
0.1875,-0.7187
0.4062,-0.875
0.4063,-0.375
0.1875,-0.3438
1.6562,-0.875
1.5938,-1.4375
2.6562,-1.7813
0.8126,-0.6874
2.2187,-1.7813
0.2187,0.1563
15.4376,-11.6876
0.4062,0.3438
13.4375,11.8125
1.625,-1.7813
0,-4.9374
1.2187,-3
0.1876,0
1.4062,-1.25
2.25,-0.5313
5.2812,-0.375
0.625,-0.1563
0.1876,-0.031
-1.6563,-7.2188
-1.4063,-3.375
L
2439,2395
l
-2.0312,-2.2812
0.8124,-0.5313
2.6563,3.5313
0.8125,1.5937
0.8125,2.0937
1.6563,6.0313
0.5937,2.2813
0.2187,0.875
0.4063,-0.1563
1.8125,-0.1875
3.25,-4.7812
10.375,-3.5626
0.8125,-0.3437
0.4063,-0.375
0.8124,-0.875
3.3126,-3.5937
1.2812,1.875
0.8438,-0.375
41.5312,60.7812
16.4688,59.625
-5.5,1.5625
10.2187,11.75
0.3125,0.7187
-40.125,24.75
0.7188,16.8126
-13.125,7.2812
-3.6563,24.8438
15.3125,9.4687
9.5,13.1563
13.875,5.8437
6.5625,16.7813
-34.3125,16.7812
-36.5,10.9688
-33.5938,-8.0313
-12.4062,-27.0313
-33.5625,0
-2.9375,39.4376
-2.1875,8.0312
-28.125,-0.9375
-5.4375,-2.7187
0.7188,-50.375
-3.6563,-5.8438
-27.75,1.4688
-39.4063,49.625
-13.1562,-8
18.25,-17.5313
-5.0938,-7.3125
-14.5937,-7.2812
-8.0313,0.7187
-11.3437,-12.7187
-30,-5
-66.375,-11.1563
-7.8437,24.9375
27.3437,21.7188
-4.1563,56.0312
-38.2187,-2.625
-2.4375,34.7188
-29.3438,7.9687
-33.4374,-20.4375
-21.1563,0.5625
-1.75,0
-0.5313,-25.0937
5.9063,0.4062
4.3437,-1.3125
-0.125,-11.9687
1.4376,-2.6876
-1.0626,-4.7812
-2.3437,1.25
-4.875,-5.8438
-9.625,3.375
4.125,21.5626
2,0.031
0.5313,25.0625
-14.1876,0.062
-12.9062,-4.9375
-31,-11.9687
-24.5938,0.9374
-12.2187,5.8438
-35.0313,-0.2812
-29.7812,19.4062
-25.5312,20.9375
-25.1563,24.5
-18.7813,31.0625
10.125,21.2188
2.2813,13.125
-16.9063,27.6874
-42.8952,41.7085
-24.7659,-13.1023
-14.7016,21.2493
-20.9688,-20.9025
-45.4809,10.3958
-23.3438,4.7457
-29.0049,15.8358
4.0361,46.3204
-22.3437,12.9063
-12.9375,19.9375
-2.9688,7.6562
-85.625,9.9688
-18.5312,-35.8125
-19.125,-14
-24.4688,15.25
-24,25.4063
0.8126,23.2812
-1.9376,36.75
-26.1562,0
-36.2812,-48.7188
-83.625,35.2813
6.1874,44.2813
-30.1562,-10
7.6562,31.5624
-29.6562,11.9688
58.6875,117.6562
66.7187,82.0938
15.4688,98.875
-34.6875,20.875
-7.4687,57.4062
39.0624,21.25
-4.375,33.4063
-19.0624,12
6.3437,136.5
73.5937,0.3437
-16,101.0938
-37.5937,14.5625
3.8125,74.875
38.25,32.7187
-7.8438,62.5313
-105.4062,21.4375
-75.9375,-6.5312
-7.25,29.5
260.9687,216.75
-19.4062,19.2812
-45.375,-33.6562
-17.125,-13.125
-31.9062,3.375
-32.375,17.1562
-30.3438,1
-1.0938,-20.1562
-0.7187,-21.3126
9.375,-24.9062
-27.6875,1.5938
-68.1875,48.75
-6.4687,-31.6563
-31.8438,-29.7813
-1.8438,-21.3124
-76.5312,-22.7813
2.625,-53.3125
-96.4375,-14.5
3.53125,35.8438
-22.46875,22.8437
-44.03125,0.375
-3.78125,83.875
-67.6875,-25.75
-3.75,-35.4375
-29.59375,-24.6875
-6.4375,-23.8437
-22.46875,-3.9063
-3.84375,10.5313
-16.15625,-1.3126
-9.5,15.8438
-29.28125,-1.375
27.5,-271.9688
L
558.375,3839.75
574.5,3717.3125
l
-77.21875,-31.4375
-1.625,74.4688
-418.3125,-21.3126
-6.90625,306.7813
-54.0625,0.062
-9.34375,190.5625
53.78125,38.25
38.03125,98.8125
60.84375,22.25
-32,40.3438
111.34375,101.2812
-56.875,59.3125
51.21875,55.875
-26.40625,28.125
196.46875,191.75
40.3125,8.4687
2.9375,14.5313
64.90625,77.1875
25.5,30.7812
19.71875,57.25
56.78125,59.125
15.90625,-16.9062
85.71875,75.6562
8.15625,29
-11.34375,59.6563
14.9375,8.2187
-21.5625,29.25
55.9375,52.0938
49.21875,2.9375
37.03125,6.9063
-6.125,29.3124
33.40625,3.8126
0.90625,15.0312
-164.125,36.5312
-18.46875,70.0313
-10.6875,-3.7813
-19.125,12.5938
-51.40625,-17.6562
-52.34375,19.1874
10.96875,31.375
-29.84375,68.5313
19.53125,22.4375
-11.09375,23.1562
-28.21875,-16.7812
-27.9375,46.3438
33.65625,10.3437
-4.78125,51.1875
6.1875,107.5625
46.21875,29.9063
-7.25,32.9687
40.8125,73.0937
52.71875,145.0626
35.84375,-19.3126
17.9375,19.625
16.84375,-9.9062
26.625,3.3438
13.1875,-7.2813
25.90625,-0.75
6.71875,-8.375
-9.59375,50.6563
10.53125,-6.5938
4.5,111.5
-31.46875,23.6875
6.1875,29
12.6875,3.875
16.25,-9.8437
9.21875,11.9374
6.4375,28.0313
29.71875,16.5
9.625,34.625
41,1.5313
83.71875,1.0624
3.125,-33.5937
192.00005,-9.125
-1.25,-37.6875
132.5,-17.5
5.0312,-57.2188
38.625,-6.375
11.0938,30.5313
27.4687,-34.4375
39.5313,11.875
-5.2813,-161.4375
28.4375,-50.875
4,-24.3125
-40.125,7.9688
13.25,-119.9063
4.0312,-3.4375
-17.4374,-25.9688
3.5,-103.125
30.3437,9.625
54.3125,-44.5937
34.1562,9.8437
58.75,-54.375
-0.1562,-33.4687
16.3125,-20.6875
36.3125,-21.3438
50.8125,36.5938
0.9375,28.3438
48.9375,28.1874
11.0313,-15.1874
20.1562,3.375
75.375,-2.5313
30.9062,-68.6875
-34.5,-37.875
9.625,-15.75
75.6876,63.9062
10.6874,64.5
35.5938,-10.7187
3.8438,60.0937
-24.5626,17.25
1.75,53.1876
91.1563,30.9374
6.8125,-61.9062
68.25,-4.3438
2.375,-50.875
93.6875,-24.8124
211.4375,-86.5626
51.25,-269.5312
23.4375,-8.6875
-0.4063,-22.125
-38.125,-8.1563
9,-13.0937
-2.9374,-16.8437
-27.4376,0.625
0.9376,-7.8126
-8.875,-4.9374
3.0312,-20.1876
-43.0312,4.6876
-20.4688,-9.375
4.6875,-18.5
15.2187,-22.7813
-22.5624,-36.7813
10.9062,-20.4687
23.8438,4.8437
9.125,12.9063
50.5,27.5313
17.4687,-19.625
54.0313,-0.5
20.9374,-35.6563
-11.5937,-45.625
-35.5,-50.9063
-49.5625,-43.8124
43.75,-23.875
29.875,-35.375
0.875,-44.4688
94.3438,-26.25
-76.3438,-77.0625
42.375,-59.8437
44.9688,-15.9376
16.75,-34.5937
16.25,8.4687
1.2812,40.6876
27.1875,39.5937
34.3437,-35.1563
-12.3437,-39.6874
21.1875,-25.75
-22.25,-58.2188
26.9688,-16
-24.125,-44.9375
30.4687,-13.5625
-40.2813,-27.4688
22.4063,-36.5624
-8.125,-52.4688
-26.3125,-6.6875
-17.1562,16.9375
-23.0938,-15.25
-3.8125,-18.2812
-26.4375,7.8437
-27.0312,4.2187
-2.75,-47.0624
-15.4063,5.5937
-13.7813,-19.125
22.5,-22.7187
-25.4062,-24.0626
-25.4375,24.6563
3.5625,-33.7813
-158.5,-15.0937
40.9062,-41.4375
7.8126,-41.125
-18.3438,3.6562
-72.6562,-6.4687
-5.4376,-9.3125
31.4063,-22.6875
22.8125,-7.5
4.25,-19
11.4062,-26.9375
-0.6874,-23.7812
13.9687,-32.6563
63.5625,35.4375
15.0312,-33.6875
61.4688,-24.9063
2.5938,-47.5937
26.625,-9.3437
18.1562,-17
11.9062,-6.3438
21.875,14.4375
-1.5624,18.5313
-1.8438,13.6562
11.5938,10.125
11.25,2.8125
9,6.8437
-2.6563,21.1563
-9.1563,8.9063
17.75,24.2187
58.4063,14.3125
54.7813,20.9375
32.3437,4.6875
9.375,39.125
-10.0625,11.625
-12.2188,11.5
-13.875,6.4375
-0.094,15.375
34.0625,32.8125
30.2812,11.125
48.4688,25.125
103.3438,4.0938
18.5312,-32.5313
-13.7812,-98.5937
62.3124,-29.7813
-24.2812,-88.4687
70.7188,-31.8438
10.6874,-59.2812
2.8126,-0.2188
17.1874,2.8125
6.4688,1
6.0625,1
1,0.2187
15.7813,2.0313
-0.625,3.0313
-0.4063,1.625
-2.625,15.3437
0,1.4375
8.5,0.5938
5.6563,-6.6563
0.8124,-2.8437
2.4063,-3.0313
0.8125,0.4063
5.25,-7.0626
14.9688,-3.2187
0.1874,-0.8125
-6.6562,-2.8438
-2.0312,-0.5937
-4.25,-1
-1.1876,-1.625
1.1876,-1.2187
1.8437,-2.4376
3.8437,-3.8124
0.1876,0.2187
2.4062,-2.25
0.2188,-0.2187
-0.4063,-0.4063
-11.3437,-11.5
5.2812,-4.0625
-1.4375,-1.2188
-7.875,-3.625
0,-0.4062
-1.4063,-0.8125
0.4063,-1.2187
0.4063,-1.2188
4.7187,-8
28.9063,21.3438
-0.063,-1.75
4.0313,2.9374
16.1563,11.9376
4.6562,-2.625
3.0312,-1.8438
0.8126,0
10.6874,2.0312
1.8438,1
1,0.4063
2.0312,-1.4063
1.4063,-1.4062
2.8125,-0.2188
2.4375,-2.8437
4.4375,-6.0625
-0.1875,-6.6562
1.8125,0.4062
3.0312,-2.2188
4.8438,6.4688
1.2188,13.75
1.4374,4.2188
20,-9.6876
-1.2187,-12.9374
-5.875,2.0312
-9.2813,-5.0625
2.2188,-7.0625
10.3125,-3.2188
-3.0313,-22.4374
-2.4374,-33.3438
-14.5313,-8.5
0.4063,-2.2188
13.3124,-0.4062
-3.4374,-54.1562
-24.0313,-4.4376
3.625,-5.25
0.8125,-1
1.0312,-1.2187
0.7813,-1
0.8125,-1.2187
4.0625,-5.4688
-4.6563,-3.4375
-0.1874,-0.2187
-12.125,15.3437
-6.6876,-12.5
-0.5937,-1.4375
0.1875,-0.2188
-0.8125,-2.8124
-0.4063,0.2187
-3.625,-10.7187
0,0.094
-23.4687,14.7813
-13.9063,-12.125
-6.5,-19.9376
-36.9055,-38.531
2.0938,-40.875
15.9687,3.9062
10.5,-77.3437
-12.5,-1.8125
16.1875,-68.5625
7.1875,-73.4063
18.875,-23
50.0937,-31.0937
-7.5312,-22.9063
-1.9375,-22.1874
-0.1563,-18.6876
15.8126,-9.875
174.75,20.25
14.75,5.3126
4.125,-4.125
39.5,2.9374
0.031,0
34.75,0.5938
33.0312,-9.4375
25.8438,-12.7813
25.6875,5.7188
4.8437,-21.5938
127.8438,-90.4062
10.9375,-8.3125
20.6563,8.8437
6.4687,-27.7187
90.8125,-68.4063
104.5625,-102.6562
19.9687,-1.125
8.6563,-9.8438
-5.25,-13.7187
30.6875,-33.0313
99.0625,-112.0312
7.6563,-4.125
9.4374,-2.9375
4.125,-6.5
-1.1874,-9.4375
48.9374,-58.375
24.5626,-43.3438
10.1562,-5
4.0938,-8.7187
-6.5313,-7.1875
0.3125,-39
-26.4688,-99.4375
-15,-74.0313
103.0626,81.4688
10.625,-13.6875
21.4687,-83.8125
-20.375,-19.875
18.0313,-17.7188
-36.1876,-36.4687
15.6876,-15.6563
51.6874,45.3438
33.0313,-39.6562
13,-14.6876
-3.125,-2.4687
19.4687,-24.0937
44.0938,1
31.5312,-9.3438
15.9063,48
12.625,-1.0625
17.625,-0.062
10.625,21.9375
-2.3437,27.9375
35.625,-17.0625
-4.5938,10.9687
-4.5938,11
-4.5937,10.9688
-4.5937,11
-22.375,9.9375
-6.7813,17.625
-12.125,18.9375
-2.0937,18.9688
24.9062,5.9374
4.9062,35.9688
127.9063,4.9375
12.9063,7.9375
52.875,6.9688
-7.0313,-9.0313
-7.0625,-9.0313
1.2188,-18.375
11.1874,-15.375
-9.7812,-17.375
4.1875,-35.4062
-18.7813,-22.375
-62.8124,-33.375
c
0,0
32.6263,-10.8592
52.375,-16.2188
8.735,-2.3704
31.0984,4.4992
33.5312,-4.2187
1.3485,-4.8322
-9.6486,-6.92
-4.9688,-15.8125
2.7541,-5.2323
-6.9687,-8.5938
-6.9687,-8.5938
l
-9.9375,-11.4062
-25.8438,-2.7812
-22.875,-29.8126
35.125,6.1876
25.5626,2.7812
28.5312,-0.2188
-23.3125,-31.4062
28.6563,-11.4375
-40.1876,-12.0625
-10.1874,-20.0938
-44.2188,2.9063
0.8125,-22.0625
-15.2813,-18.9062
-10.8437,-24.1876
-14.1875,-17.5312
-18.375,-3.3438
5.8438,-3.3437
-13.3438,-9.1875
-10.8438,13.375
-7.5312,1.6562
3.3438,-20.0312
-25.0313,-7.5
-4.1875,3.3438
-14.1875,0
-4.1563,20.8437
11.6876,5.8437
10,-5.8437
6.6874,5.8437
0.8126,7.5313
-29.1876,5.8125
-8.3437,-12.5
-25.0625,14.1875
-20.0312,-4.1875
-19.1876,10.875
-32.5624,10
-2.5,-7.5
-16.6876,0.8125
-2.5,16.7187
3.3438,5.8438
-24.2188,7.5
-11.6874,-4.1875
-3.3126,-15.8437
1.6563,-5.8438
-35.0625,1.6562
-37.5625,-17.5312
-6.6563,-10.8438
7.5,-26.6874
8.3438,-27.5626
15.875,-25.0312
29.1875,-11.6875
31.7187,-31.7187
39.25,5.8437
-11.6874,-48.4063
10.8437,-6.6874
-10.0313,-16.6876
-9.1562,13.375
-86.8125,31.6876
-71.3125,9.8124
-13.3438,-7.25
-8.1874,-27.125
3.0312,-191.1562
12.25,-22.125
-16.9062,-8.1875
-2.875,-35.375
-8.2813,-151.75
-4.125,-56.8437
13.9375,-20.25
0,-0.25
-14.1562,-8.7188
-7.25,-33.8125
-5.625,-22.5
-12.875,-24.9375
-12.0626,-13.6875
-1.625,-12.875
-12.875,0
-385.0624,-350.8437
0.2812,-0.25
-22.1875,-18.75
0,-23.5938
-24.3125,0.6875
-15.0312,-14.3437
0.094,-0.125
-31.1563,-27.6563
-25.9062,-17.5625
-24.5938,-11.84375
-14.9374,-3.53125
-3.9376,-7.46875
-16.25,-13.15625
-7.0312,14.90625
-20.625,-0.84375
0,-0.0312
-27.6562,-0.875
-18,-17.125
-7.4688,-0.4375
-12.3125,15.8125
-65.4063,-8.78125
-57.0937,-10.96875
-80.7813,-26.34375
-43.4687,-18.4375
-79.0313,-36.875
-8.3437,-13.1875
-3.9063,7.84375
-51,-9.5
-75.6562,14.1875
18,-85.1875
6.3125,-90.71875
25.375,-0.90625
-4.125,-29.21875
14.2813,-2.78125
0.1874,-34.75
-25.0624,0.9375
-2.9063,-69.8125
73.75,9.71875
c
0,0
0.1505,-16.96386
-1.375,-23.96875
-1.5247,-7.00486
-8.7813,-22.75
-8.7813,-22.75
l
-15.7187,6.1875
-14.4687,-13.46875
-69.8126,43.0625
